 58 5 60 61 23 78 13 35 66 49 82 44 80 2 30 22 33 37 85 35 17 5 78 15 57
 61 67 46 95 69 49 82 38 41 77 64 97 39 61 13 82 40 24 77 14 28 31 53 28 31
 41 13 54 49 60 94 33 90 3 88 14 53 46 90 8 6 2 80 10 28 22 48 2 93 67
 10 26 87 83 95 13 74 38 35 80 98 81 73 98 92 56 41 9 63 6 58 15 84 77 4
 93 21 41 8 43 12 46 86 80 83 48 89 73 67 35 41 13 53 13 40 59 66 24 35 43
 31 10 35 64 88 9 50 4 53 4 1 72 68 24 10 62 19 45 59 2 81 56 99 54 54
 34 47 58 30 23 25 72 15 54 94 73 23 71 76 19 89 84 51 14 55 89 63 63 4 10
 26 22 28 27 37 87 80 80 24 91 90 81 9 1 34 46 27 79 10 68 17 47 55 43 60
 21 94 53 59 46 32 82 97 13 28 19 11 38 42 4 51 99 20 66 40 49 13 46 35 34
 24 98 39 72 16 49 37 66 18 48 44 43 51 84 98 82 75 22 68 24 58 5 47 55 47
 62 41 31 84 88 44 42 94 59 18 34 16 53 34 6 93 16 46 16 87 43 73 26 74 38
 57 83 71 55 95 39 74 5 15 19 86 29 6 85 23 55 34 28 53 88 30 33 44 94 57
 75 61 79 37 11 73 2 34 80 29 89 97 13 89 53 26 27 98 8 20 4 44 50 75 33
 8 90 47 47 96 14 73 37 65 51 82 88 89 13 10 85 82 19 75 70 4 15 22 91 13
 98 61 42 44 14 84 85 39 92 79 83 17 70 75 57 39 66 48 9 13 4 96 42 86 77
 70 3 95 17 93 59 5 97 12 68 81 33 11 52 6 4 87 53 98 12 45 1 94 42 39
 53 9 27 89 12 87 14 27 26 76 17 82 68 61 97 99 50 84 91 71 62 59 73 85 69
 22 25 43 66 34 41 15 95 4 57 53 82 36 6 43 37 59 85 40 59 13 88 44 10 55
 28 51 53 71 47 90 65 69 2 12 80 44 53 22 64 56 20 48 79 68 16 24 11 50 6
 14 55 97 62 13 33 35 61 20 39 36 92 97 2 3 27 39 22 47 40 86 29 22 49 53
 46 17 92 99 48 40 43 10 73 52 28 81 54 94 7 50 29 87 35 77 71 10 37 57 24
 59 51 70 1 2 66 27 90 7 78 31 63 30 46 43 25 28 36 97 98 65 28 80 49 4
 43 2 86 21 3 89 13 87 93 80 56 86 66 70 32 60 88 8 92 52 12 16 30 31 13
 62 2 10 2 76 16 32 47 35 64 65 95 44 7 43 44 27 63 81 52 42 8 92 95 7
 81 5 92 47 27 95 11 7 88 35 29 27 22 92 85 11 6 13 46 39 74 90 55 55 42
 16 68 34 77 17 71 48 82 13 34 31 90 69 56 84 14 37 34 48 60 9 94 71 55 70
 12 96 33 99 92 25 23 56 68 45 86 53 38 41 98 98 89 65 53 38 25 62 82 87 22
 18 76 1 26 34 59 48 44 58 13 71 52 41 31 95 11 90 24 20 87 85 90 46 64 99
 28 66 16 30 30 54 18 19 42 32 13 84 22 74 40 51 74 15 21 47 96 30 62 9 57
 52 99 73 94 11 3 50 45 75 28 6 56 68 83 9 69 90 51 1 36 87 99 15 76 41
 7 89 56 33 38 25 28 98 41 86 2 14 42 32 69 30 73 54 51 20 90 11 40 49 34
 12 26 87 84 44 87 92 36 8 1 13 53 81 56 31 40 30 72 70 95 72 58 67 67 8
 70 98 85 12 77 42 10 2 59 47 65 96 81 71 92 11 10 50 4 45 99 53 56 9 93
 19 97 21 79 44 56 6 71 77 9 97 45 28 82 15 71 90 70 44 47 41 33 97 32 37
 74 79 6 4 36 28 79 66 80 67 73 7 45 26 37 13 6 96 55 67 43 24 64 35 42
 61 89 96 55 31 58 2 51 88 27 66 51 17 2 51 12 26 95 96 21 26 43 15 91 44
 37 82 39 14 11 94 67 56 53 15 27 81 19 15 81 36 41 87 15 21 80 15 85 47 63
 70 20 5 14 23 3 65 12 51 72 99 37 43 32 62 25 80 73 12 6 86 36 9 20 75
 98 66 1 82 32 98 22 53 68 57 19 54 12 82 2 52 43 79 5 51 54 55 77 90 35
 39 94 59 9 96 99 15 17 14 76 76 8 52 94 17 57 41 60 53 23 45 69 69 21 20
 87 69 30 21 61 27 68 28 6 76 23 87 19 83 10 13 59 12 18 65 56 78 25 49 16
 16 35 59 88 34 54 69 30 4 57 74 67 13 24 66 53 49 75 74 41 59 12 95 76 37
 86 52 97 34 31 85 40 18 72 63 45 34 10 5 97 10 80 23 30 39 72 76 35 8 93
 10 53 34 91 2 31 60 72 51 90 10 70 65 52 11 9 5 47 60 58 14 37 3 11 55
 90 73 95 5 30 38 28 33 37 34 84 46 19 14 43 92 75 42 70 96 71 38 34 45 99
 9 81 8 96 85 62 3 7 35 39 49 3 17 43 79 40 24 24 91 7 14 84 57 34 84
 15 86 26 97 17 81 75 32 23 59 65 64 81 26 32 53 23 54 45 21 59 45 98 33 32
 90 40 38 68 17 71 37 68 50 32 32 32 83 31 49 78 82 91 25 53 52 32 99 11 55
 13 37 96 14 53 67 18 23 4 25 50 94 8 9 19 27 33 79 55 58 52 93 7 45 93
 65 46 54 58 99 43 97 92 50 53 82 49 28 51 96 5 71 49 98 66 93 23 2 8 32
 47 35 14 21 87 96 60 1 12 84 84 11 29 83 80 29 97 32 7 25 12 50 18 57 29
 58 77 83 71 28 51 62 82 53 96 67 14 55 53 20 13 33 91 78 94 9 82 95 90 71
 70 2 50 19 62 71 65 57 60 8 48 77 3 65 87 95 96 50 11 94 82 15 33 53 9
 82 97 27 10 78 29 57 39 56 3 7 18 69 48 58 45 79 21 73 67 52 12 14 95 31
 3 92 90 72 89 15 89 40 98 94 27 62 7 81 73 53 21 11 85 21 20 13 66 1 19
 47 82 78 3 95 41 23 6 98 17 25 46 15 82 92 96 51 85 26 1 21 90 49 55 49
 88 82 78 92 83 59 45 89 57 6 44 46 62 47 49 28 63 64 13 16 15 71 9 78 86
 58 87 72 26 24 58 65 26 91 21 81 86 70 74 22 82 16 53 74 17 48 59 95 43 27
 62 50 52 30 44 4 59 69 71 39 81 83 37 9 35 55 32 85 22 47 78 62 5 40 71
 13 60 47 42 79 18 36 21 47 7 71 95 58 52 97 35 99 47 4 26 15 43 67 23 32
 13 81 62 10 61 48 18 69 48 59 29 25 40 2 71 23 95 19 20 1 50 87 27 38 5
 44 16 37 19 37 22 53 85 62 92 26 90 68 14 58 67 55 47 55 77 92 63 6 68 94
 76 91 92 75 58 55 17 71 84 89 82 17 7 86 96 19 55 28 99 44 76 97 97 70 19
 54 25 74 91 4 60 63 11 30 20 43 23 27 82 91 8 65 61 67 81 43 78 84 15 91
 9 25 3 91 1 72 15 37 18 2 96 20 25 39 18 43 37 77 42 62 79 74 55 14 78
 11 17 86 61 87 83 56 53 4 6 51 27 73 16 93 32 74 60 26 16 80 42 31 81 13
 45 8 79 82 69 40 87 16 19 4 27 75 9 32 54 93 37 28 76 3 38 24 68 65 85
 42 14 68 66 75 25 47 41 30 55 92 39 49 43 88 53 75 52 57 50 36 60 28 69 62
 64 9 69 49 47 97 91 12 5 39 29 2 67 79 48 66 51 33 42 97 23 78 26 22 58
 65 98 8 44 24 65 68 33 40 55 14 70 9 91 77 38 16 34 95 82 93 29 44 39 11
 89 5 80 89 95 70 65 64 73 45 83 52 11 12 74 53 20 44 93 46 73 32 99 89 93
 82 42 72 41 76 52 38 44 80 43 25 47 91 45 61 51 53 92 77 26 36 2 88 11 39
 86 57 85 87 71 6 47 53 81 64 22 17 8 70 29 87 55 18 97 54 94 58 92 84 27
 15 41 84 31 85 90 76 68 17 6 21 29 6 32 60 70 59 98 87 91 34 22 26 60 94
 73 50 89 30 90 4 49 33 51 59 16 52 58 68 63 37 26 27 97 52 24 70 9 50 9
 83 29 64 28 87 19 56 12 37 60 7 17 45 74 95 40 88 74 88 11 36 20 24 9 49
 58 21 22 50 28 77 57 34 39 27 43 78 80 42 24 51 58 20 84 84 67 39 88 14 86
 55 29 30 39 24 75 31 18 83 18 50 21 60 78 47 66 69 7 45 79 47 92 48 48 34
 24 16 7 82 31 6 92 4 7 62 83 92 63 28 12 59 93 8 72 29 39 13 82 48 32
 71 92 27 37 95 69 33 63 34 31 2 12 90 23 32 22 1 95 71 88 59 92 38 9 22
 26 27 54 79 76 54 23 50 21 11 12 2 43 22 19 31 36 2 95 3 73 31 25 59 71
 85 13 89 41 78 31 94 51 20 28 8 25 73 78 56 21 64 47 9 35 48 98 88 42 59
 54 48 89 45 75 53 72 46 11 86 50 93 34 14 33 75 10 69 29 5 81 78 77 13 55
 95 75 67 22 86 26 91 36 97 94 99 18 60 90 82 16 89 59 1 49 6 76 47 95 55
 51 4 74 64 13 25 74 71 39 3 32 16 34 67 97 90 36 75 69 33 28 54 78 46 31
 56 85 25 30 37 19 12 2 27 9 5 50 81 59 62 50 71 37 91 36 40 2 62 66 49
 76 37 51 24 32 80 8 48 2 34 26 41 91 76 32 62 6 46 94 70 13 93 85 99 46
 92 65 55 15 93 57 51 78 7 49 90 20 13 86 95 42 99 30 9 59 62 92 83 70 47
 86 87 86 69 87 90 34 75 19 48 44 79 27 10 16 62 77 86 75 23 84 89 39 86 21
 51 66 34 71 78 9 42 62 56 14 44 72 98 94 36 29 26 71 5 19 20 85 34 97 46
 38 55 28 36 61 76 66 75 70 33 14 95 38 70 89 58 77 86 49 42 16 42 85 61 44
 63 82 84 3 28 2 19 22 61 18 57 34 63 37 84 48 74 20 93 53 3 25 75 62 37
 37 30 72 91 47 18 52 68 14 83 36 24 35 70 33 12 31 82 15 88 21 69 52 35 17
 75 14 32 6 47 15 70 97 34 10 79 98 48 68 7 99 19 39 5 2 22 38 23 87 6
 30 61 65 2 71 79 25 37 90 67 10 49 81 42 48 68 52 57 89 91 63 5 97 83 45
 12 69 76 74 47 74 17 75 99 28 86 23 82 78 20 2 86 28 62 74 33 6 91 20 18
 27 29 93 3 54 2 91 48 71 83 97 1 7 24 69 58 37 46 65 2 46 41 51 94 3
 83 97 83 24 58 49 69 48 86 65 64 40 17 60 95 75 95 18 34 56 26 67 97 96 48
 25 34 24 56 21 38 80 26 10 36 21 76 31 32 47 48 68 94 19 20 80 74 73 61 18
 56 37 94 47 20 74 45 68 32 99 3 84 28 42 52 45 54 37 94 51 29 73 33 78 87
